extends SceneTree
var d={
	Ariyalur=[953.4,772.77154],
	Chengalpattu=[1187.6992,250.59959],
	Chennai=[1346.5329,127.77688],
	Coimbatore=[176.59072,778.52605],
	Cuddalore=[930,608],
	Dharmapuri=[523.4,391.98666],
	Dindigul=[378.9,976.16227],
	Erode=[239.74398,586.9],
	Kallakurichi=[845.71773,541.92189],
	Kanchipuram=[1159.6992,209.4353],
	Kanyakumari=[318.8,1749.4],
	Karur=[548.7041,882.19391],
	Krishnagiri=[447.84352,264.0834],
	Madurai=[448.7,1155.6],
	Mayiladithurai=[1147.2,766.3],
	Nagapattinam=[1190.8322,941.2],
	Namakkal=[525.9,710.24797],
	Nilgiris=[35.179205,666.66965],
	Perumbalur=[849.59825,736.1],
	Pudukotai=[784,1010.1992],
	Ramanathapuram=[711.41374,1277.6],
	Ranipet=[1035.4198,153.59961],
	Salem=[510.87492,581.5356],
	Sivagangai=[670.3,1117.9],
	Tenkasi=[342.68731,1464.2479],
	Thanjavur=[892.9,849.9625],
	Theni=[349.98068,1189.1748],
	Thoothukudi=[524.26323,1477.0951],
	Tiruchirapalli=[687.5,771.2813],
	Tirunelveli=[342.5811,1598.9395],
	Tirupathur=[769.5,237.28516],
	Tiruppur=[295.39381,797.44396],
	Tiruvallur=[1066.8503,31.7],
	Tiruvannamalai=[844.8954,260.51825],
	Tiruvarur=[1067.9132,907.08195],
	Vellore=[833.79688,171.82608],
	Vilippuram=[1042.3355,412.88469],
	Virudhunagar=[406.3,1340.1006]
}

func create_polygons(s, district):
	var b=BitMap.new()
	b.create_from_image_alpha(s.texture.get_data())
	var rect=Rect2(0, 0, s.texture.get_width(), s.texture.get_height())
	var polys=b.opaque_to_polygons(rect)
	print(district, '=',s.position - Vector2(s.texture.get_width()/2, s.texture.get_height()/2))
	#print(polys[0])
	#if district== 'Tirupathur':
	#	print(polys[1]) 
	return null

func _init():
	for district in d.keys():
		var s=Sprite.new()
		var image=load("res://"+district+".png")
		s.texture=image
		var w=s.texture.get_width()
		var h=s.texture.get_height()
		d[district].append(w)
		d[district].append(h)
		#print(district,'=',d[district],',')
		var polys=create_polygons(s,district)
		s.free()
	
